TECF
position detection
I500: 0.44787647596484775
I300: 0.43892110346777335
I100: 0.38242403770308353
I070: 0.25558885246385243
I050: 0.3414264893756482
I030: 0.3401882789710952
I020: 0.27853585657370517
I010: 0.2821460877431027
I000: 0.24190283400809717

R500: 0.49935790512539185
R300: 0.2753317195110644
R100: 0.31530195878152173
R070: 0.28965009169407796
R050: 0.3268659676995646
R030: 0.30721162289640247
R020: 0.29934581320450887
R010: 0.2988161901955006
R000: 0.2359192348565356

Correction
I500: 0.39411283728536384   0.42109566639411283 0.43172526573998365
I300: 0.35942028985507246   0.4289855072463768  0.43478260869565216
I100: 0.30544747081712065   0.3424124513618677  0.35992217898832685
I070: 0.18981481481481483   0.25925925925925924 0.25925925925925924
I050: 0.24031007751937986   0.31007751937984496 0.313953488372093
I030: 0.1941747572815534    0.2815533980582524  0.3058252427184466
I020: 0.1282051282051282    0.20512820512820512 0.23076923076923078
I010: 0.18181818181818182   0.233201581027668   0.24110671936758893
I000: 0.0931174089068826    0.15587044534412955 0.17510121457489877

correction based on detection
I500:0.8378378378378378 0.8783783783783784 0.918918918918919
I300:0.6666666666666666 0.7619047619047619 0.7619047619047619
I100:0.6129032258064516 0.7419354838709677 0.7741935483870968
I070:0.6153846153846154 0.6153846153846154 0.6153846153846154
I050:0.5 0.5833333333333334 0.5833333333333334
I030:0.5 0.8 0.9
I020:0.25 0.5 0.5833333333333334
I010:0.3076923076923077 0.5384615384615384 0.5384615384615384
I000:0.17142857142857143 0.6 0.6571428571428571

R500: 0.4351851851851852    0.4537037037037037  0.4583333333333333
R300: 0.1659919028340081    0.18421052631578946 0.19838056680161945
R100: 0.18883610451306412   0.22862232779097388 0.24168646080760095
R070: 0.16569767441860464   0.19476744186046513 0.2136627906976744
R050: 0.16756756756756758   0.2018018018018018  0.21081081081081082
R030: 0.14634146341463414   0.18048780487804877 0.2
R020: 0.15831663326653306   0.19238476953907815 0.20240480961923848
R010: 0.147239263803681     0.1687116564417178  0.17791411042944785
R000: 0.0784729586426299    0.11876988335100742 0.1261930010604454


CGEDToR:
position detection
I500:0.46893538027728904
I300:0.40596618241164983
I100:0.35646548692112473
I070:0.28856081356081353
I050:0.30708770820830256
I030:0.361103534492556
I020:0.35139442231075696
I010:0.2593735866123927
I000:0.24392712550607287

R500:0.5014114604604133
R300:0.25328289333798343
R100:0.26692655335770665
R070:0.2284978455423628
R050:0.245306540624478
R030:0.2235914995271802
R020:0.23913172877846794
R010:0.22750761371451025
R000:0.19553666312433582

Correction:
I500:0.4263340522888939
I300:0.2813867552961131
I100:0.24274416252246206
I070:0.18959410834410834
I050:0.18156125715993085
I030:0.17445921885062696
I020:0.14664713541666666
I010:0.06038428324697754
I000:0.16194331983805668

Correction/Detection:
0.9091530949036001
0.6931285596857594
0.6809752175984829
0.6570334551130997
0.5912358336295731
0.48312797352091097
0.41732914954176115
0.23280814378842546
0.0

R500:0.4617709221966449
R300:0.1903906510933106
R100:0.17566557478136577
R070:0.11233425948680052
R050:0.1301105358840253
R030:0.10715885014471095
R020:0.09239993098688752
R010:0.06324625060474116
R000:0.09776833156216791